1 11 0.9999999999999998
1 30 0.9999999999999998
1 32 0.9999999999999998
1 78 0.9999999999999998
1 86 0.9999999999999998
2 282 0.5477225575051661
2 255 0.5163977794943223
2 93 0.47809144373375745
2 184 0.4472135954999579
2 259 0.4472135954999579
3 314 0.7882407813680822
3 113 0.7778444682625973
3 123 0.7701540462154054
3 118 0.7276068751089989
3 176 0.7276068751089989
4 153 0.9128709291752769
4 268 0.8164965809277261
4 22 0.7715167498104595
4 209 0.7715167498104595
4 290 0.7715167498104595
5 268 0.7559289460184544
5 57 0.7142857142857142
5 153 0.6761234037828131
5 101 0.6681531047810609
5 221 0.6681531047810609
6 20 0.7777777777777778
6 42 0.7559289460184544
6 145 0.7453559924999299
6 179 0.6804138174397718
6 160 0.6471502289294341
7 153 0.5773502691896257
7 342 0.5715476066494082
7 101 0.5477225575051661
7 4 0.5270462766947299
7 122 0.5270462766947299
8 9 0.9999999999999998
8 26 0.9999999999999998
8 39 0.9999999999999998
8 97 0.9999999999999998
8 98 0.9999999999999998
9 8 0.9999999999999998
9 39 0.9999999999999998
9 97 0.9999999999999998
9 98 0.9999999999999998
9 106 0.9999999999999998
10 31 0.6446583712203042
10 288 0.6236095644623235
10 123 0.6172133998483678
10 274 0.6131393394849657
10 141 0.6013377943029549
11 1 0.9999999999999998
11 30 0.9999999999999998
11 32 0.9999999999999998
11 53 0.9999999999999998
11 78 0.9999999999999998
12 111 0.8164965809277261
12 162 0.75
12 333 0.75
12 1 0.7071067811865475
12 11 0.7071067811865475
13 123 0.8006407690254358
13 133 0.7396002616336389
13 318 0.7016464154456235
13 314 0.6933752452815365
13 221 0.686406472983644
14 17 0.7071067811865475
14 289 0.6708203932499369
14 42 0.6681531047810609
14 209 0.6681531047810609
14 145 0.6324555320336759
15 1 0.6324555320336759
15 11 0.6324555320336759
15 30 0.6324555320336759
15 32 0.6324555320336759
15 53 0.6324555320336759
16 301 0.8164965809277261
16 60 0.6804138174397718
16 122 0.6804138174397718
16 338 0.6804138174397718
16 59 0.6735753140545634
17 14 0.7071067811865475
17 289 0.6324555320336759
17 42 0.629940788348712
17 209 0.629940788348712
17 145 0.5962847939999439
18 43 0.6735753140545634
18 309 0.6546536707079772
18 47 0.6390096504226938
18 23 0.5892556509887896
18 83 0.5892556509887896
19 209 0.7171371656006361
19 44 0.6708203932499369
19 95 0.6454972243679029
19 108 0.6454972243679029
19 167 0.6390096504226938
20 6 0.7777777777777778
20 160 0.6471502289294341
20 42 0.629940788348712
20 93 0.629940788348712
20 169 0.6030226891555273
21 1 0.6324555320336759
21 11 0.6324555320336759
21 30 0.6324555320336759
21 32 0.6324555320336759
21 53 0.6324555320336759
22 153 0.8451542547285165
22 4 0.7715167498104595
22 108 0.7715167498104595
22 268 0.7559289460184544
22 209 0.7142857142857142
23 333 0.8164965809277261
23 341 0.6804138174397718
23 45 0.6172133998483676
23 126 0.6172133998483676
23 210 0.6172133998483676
24 159 0.6446583712203042
24 290 0.6060915267313265
24 157 0.5520524474738834
24 146 0.5345224838248488
24 58 0.50709255283711
25 314 0.5613413993878117
25 274 0.5151221963699317
25 114 0.492365963917331
25 197 0.492365963917331
26 8 0.9999999999999998
26 39 0.9999999999999998
26 97 0.9999999999999998
26 106 0.9999999999999998
26 112 0.9999999999999998
27 153 0.7071067811865475
27 221 0.6708203932499369
27 31 0.6674238124719146
27 169 0.6674238124719146
27 4 0.6454972243679029
28 1 0.8164965809277259
28 11 0.8164965809277259
28 30 0.8164965809277259
28 32 0.8164965809277259
28 53 0.8164965809277259
29 176 0.46770717334674267
29 18 0.46291004988627577
29 194 0.46291004988627577
29 43 0.44543540318737396
29 83 0.4364357804719848
30 1 0.9999999999999998
30 11 0.9999999999999998
30 32 0.9999999999999998
30 53 0.9999999999999998
30 78 0.9999999999999998
31 288 0.7035264706814485
31 153 0.674199862463242
31 199 0.6689936080056726
31 27 0.6674238124719146
31 10 0.6446583712203042
32 1 0.9999999999999998
32 11 0.9999999999999998
32 30 0.9999999999999998
32 53 0.9999999999999998
32 78 0.9999999999999998
33 290 0.5976143046671968
33 169 0.5720775535473553
33 145 0.5656854249492379
33 153 0.5656854249492379
33 14 0.5590169943749475
34 123 0.769800358919501
34 188 0.7126966450997984
34 288 0.6666666666666666
34 13 0.6471502289294341
34 27 0.6324555320336759
35 175 0.8660254037844387
35 46 0.7302967433402214
35 102 0.6666666666666667
35 225 0.6666666666666667
35 267 0.6123724356957946
36 273 0.6999999999999998
36 66 0.6324555320336759
36 336 0.6324555320336759
36 155 0.5976143046671968
36 330 0.5803810000880093
37 155 0.6837634587578276
37 59 0.6092717958449424
37 234 0.6030226891555273
37 257 0.5853694070049636
37 207 0.5720775535473553
38 274 0.5380275868489702
38 72 0.502518907629606
38 194 0.4923659639173309
38 224 0.4891159880445184
38 290 0.48349377841522817
39 8 0.9999999999999998
39 9 0.9999999999999998
39 26 0.9999999999999998
39 97 0.9999999999999998
39 98 0.9999999999999998
40 276 0.5406205059012896
40 180 0.5275043787166296
40 178 0.5204834387696163
40 261 0.5128776445321725
40 127 0.5029556907695453
41 8 0.8164965809277259
41 9 0.8164965809277259
41 26 0.8164965809277259
41 39 0.8164965809277259
41 97 0.8164965809277259
42 145 0.8451542547285165
42 179 0.7715167498104595
42 6 0.7559289460184544
42 50 0.7142857142857142
42 93 0.7142857142857142
43 18 0.6735753140545634
43 309 0.629940788348712
43 219 0.6030226891555273
43 233 0.6030226891555273
43 256 0.6030226891555273
44 209 0.8017837257372731
44 115 0.7071067811865475
44 19 0.6708203932499369
44 93 0.6681531047810609
44 137 0.6681531047810609
45 341 0.8819171036881969
45 126 0.857142857142857
45 301 0.7715167498104595
45 338 0.7715167498104595
45 117 0.7559289460184544
46 35 0.7302967433402214
46 102 0.7302967433402214
46 225 0.7302967433402214
46 68 0.6761234037828131
46 267 0.6708203932499369
47 129 0.8366600265340756
47 126 0.7171371656006361
47 155 0.7171371656006361
47 157 0.6531972647421808
47 302 0.6454972243679029
48 84 0.6674238124719146
48 179 0.6454972243679029
48 301 0.6454972243679029
48 338 0.6454972243679029
48 194 0.6390096504226938
49 179 0.6454972243679029
49 279 0.5656854249492379
49 177 0.5590169943749475
49 253 0.5477225575051661
49 43 0.5270462766947299
50 268 0.7559289460184544
50 42 0.7142857142857142
50 153 0.6761234037828131
50 74 0.6546536707079772
50 4 0.6172133998483676
51 1 0.4999999999999999
51 11 0.4999999999999999
51 30 0.4999999999999999
51 32 0.4999999999999999
51 53 0.4999999999999999
52 205 0.6674238124719146
52 95 0.6154574548966638
52 319 0.6030226891555273
52 336 0.6030226891555273
52 36 0.5720775535473553
53 11 0.9999999999999998
53 30 0.9999999999999998
53 32 0.9999999999999998
53 78 0.9999999999999998
53 86 0.9999999999999998
54 8 0.6324555320336759
54 9 0.6324555320336759
54 26 0.6324555320336759
54 39 0.6324555320336759
54 76 0.6324555320336759
55 290 0.7977240352174656
55 299 0.7035264706814485
55 347 0.7035264706814485
55 308 0.6963106238227914
55 22 0.6837634587578276
56 133 0.5883484054145521
56 176 0.5883484054145521
56 236 0.543557306504609
56 3 0.5232166435699436
56 47 0.49613893835683387
57 187 0.7559289460184544
57 268 0.7559289460184544
57 299 0.7559289460184544
57 180 0.7171371656006361
57 5 0.7142857142857142
58 108 0.6454972243679029
58 255 0.6454972243679029
58 202 0.6324555320336759
58 249 0.6324555320336759
58 272 0.6324555320336759
59 155 0.7637626158259734
59 301 0.7071067811865476
59 16 0.6735753140545634
59 234 0.6735753140545634
59 336 0.6735753140545634
60 122 0.8333333333333335
60 117 0.8164965809277261
60 240 0.7715167498104595
60 253 0.7071067811865476
60 16 0.6804138174397718
61 253 0.8660254037844387
61 240 0.7559289460184544
61 117 0.75
61 1 0.7071067811865475
61 11 0.7071067811865475
62 117 0.7559289460184544
62 250 0.7171371656006361
62 123 0.6546536707079772
62 229 0.6546536707079772
62 253 0.6546536707079772
63 113 0.5345224838248488
63 67 0.5330017908890261
63 232 0.5303300858899107
63 212 0.5161854012087639
63 224 0.5161854012087639
64 282 0.5477225575051661
64 34 0.5270462766947299
64 288 0.5270462766947299
64 341 0.5270462766947299
64 83 0.5163977794943223
65 133 0.7126966450997984
65 123 0.6943650748294137
65 128 0.6761234037828132
65 318 0.6761234037828132
65 274 0.6744532734334623
66 36 0.6324555320336759
66 135 0.6324555320336759
66 207 0.6324555320336759
66 250 0.6324555320336759
66 273 0.6324555320336759
67 276 0.6030226891555273
67 176 0.5863019699779287
67 152 0.5582905262390825
67 180 0.5393598899705936
67 63 0.5330017908890261
68 46 0.6761234037828131
68 279 0.6761234037828131
68 253 0.6546536707079772
68 102 0.6172133998483676
68 149 0.6172133998483676
69 314 0.7276068751089989
69 3 0.7058823529411765
69 221 0.6859943405700353
69 176 0.6669729688499156
69 170 0.6534640392130713
70 108 0.5892556509887896
70 19 0.5477225575051661
70 22 0.545544725589981
70 219 0.5222329678670935
70 233 0.5222329678670935
71 261 0.512989176042577
71 34 0.45883146774112343
71 247 0.44020438924006655
71 5 0.4335549847620599
71 204 0.4210526315789473
72 290 0.5345224838248488
72 153 0.5270462766947299
72 38 0.502518907629606
72 276 0.5000000000000001
72 14 0.5
73 10 0.5378528742004771
73 274 0.512989176042577
73 283 0.4880935300919764
73 113 0.47809144373375745
73 188 0.47809144373375745
74 268 0.8660254037844387
74 8 0.8164965809277259
74 9 0.8164965809277259
74 26 0.8164965809277259
74 39 0.8164965809277259
75 134 0.8819171036881969
75 268 0.7559289460184544
75 250 0.7171371656006361
75 57 0.7142857142857142
75 126 0.7142857142857142
76 54 0.6324555320336759
76 74 0.6123724356957945
76 13 0.588348405414552
76 93 0.5345224838248487
76 268 0.5303300858899106
77 65 0.6446583712203042
77 314 0.6030226891555273
77 128 0.5720775535473553
77 62 0.5698028822981898
77 290 0.5698028822981898
78 1 0.9999999999999998
78 11 0.9999999999999998
78 30 0.9999999999999998
78 32 0.9999999999999998
78 53 0.9999999999999998
79 268 0.7071067811865475
79 57 0.6681531047810609
79 75 0.6681531047810609
79 290 0.6681531047810609
79 153 0.6324555320336759
80 254 0.5128776445321725
80 301 0.5107539184552492
80 334 0.5029556907695453
80 182 0.5015503913178176
80 257 0.4626519455729923
81 250 0.5916079783099616
81 272 0.5345224838248488
81 198 0.5185629788417315
81 47 0.50709255283711
81 58 0.50709255283711
82 221 0.6859943405700353
82 55 0.5850179393017045
82 288 0.5659164584181103
82 22 0.5500190982169267
82 290 0.5500190982169267
83 210 0.6172133998483676
83 333 0.6123724356957946
83 18 0.5892556509887896
83 279 0.5477225575051661
83 222 0.545544725589981
84 126 0.7977240352174656
84 207 0.7627700713964739
84 179 0.7385489458759965
84 338 0.7385489458759965
84 45 0.6837634587578276
85 221 0.7462025072446364
85 134 0.7035264706814485
85 344 0.7035264706814485
85 155 0.6837634587578276
85 290 0.6837634587578276
86 1 0.9999999999999998
86 11 0.9999999999999998
86 30 0.9999999999999998
86 32 0.9999999999999998
86 53 0.9999999999999998
87 153 0.7453559924999299
87 221 0.7071067811865475
87 4 0.6804138174397718
87 268 0.6666666666666666
87 288 0.6666666666666666
88 11 0.9999999999999998
88 30 0.9999999999999998
88 32 0.9999999999999998
88 78 0.9999999999999998
88 86 0.9999999999999998
89 8 0.8164965809277259
89 9 0.8164965809277259
89 26 0.8164965809277259
89 39 0.8164965809277259
89 97 0.8164965809277259
90 1 0.9999999999999998
90 11 0.9999999999999998
90 30 0.9999999999999998
90 32 0.9999999999999998
90 53 0.9999999999999998
91 171 0.5640760748177662
91 58 0.50709255283711
91 138 0.47809144373375745
91 119 0.4665694748158435
91 163 0.44543540318737396
92 5 0.628970902033151
92 268 0.5547001962252291
92 160 0.5384615384615385
92 307 0.5384615384615385
92 75 0.5241424183609592
93 115 0.7559289460184544
93 42 0.7142857142857142
93 209 0.7142857142857142
93 145 0.6761234037828131
93 153 0.6761234037828131
94 301 0.7071067811865476
94 122 0.5892556509887896
94 338 0.5892556509887896
94 59 0.5833333333333334
94 117 0.5773502691896258
95 102 0.8333333333333335
95 153 0.7302967433402214
95 74 0.7071067811865476
95 288 0.6804138174397718
95 4 0.6666666666666667
96 1 0.9999999999999998
96 11 0.9999999999999998
96 30 0.9999999999999998
96 32 0.9999999999999998
96 53 0.9999999999999998
97 8 0.9999999999999998
97 9 0.9999999999999998
97 26 0.9999999999999998
97 39 0.9999999999999998
97 98 0.9999999999999998
98 8 0.9999999999999998
98 9 0.9999999999999998
98 39 0.9999999999999998
98 97 0.9999999999999998
98 106 0.9999999999999998
99 1 0.8164965809277259
99 11 0.8164965809277259
99 30 0.8164965809277259
99 32 0.8164965809277259
99 53 0.8164965809277259
100 180 0.5803810000880093
100 196 0.5007733956671914
100 81 0.4905114715879726
100 107 0.4866642633922875
100 204 0.4736842105263157
101 268 0.7071067811865475
101 5 0.6681531047810609
101 57 0.6681531047810609
101 153 0.6324555320336759
101 59 0.6123724356957945
102 95 0.8333333333333335
102 225 0.8333333333333335
102 46 0.7302967433402214
102 153 0.7302967433402214
102 143 0.7216878364870323
103 170 0.5298129428260174
103 176 0.5161854012087639
103 153 0.512989176042577
103 261 0.512989176042577
103 180 0.5078333750770081
104 341 0.7396002616336389
104 334 0.6689936080056726
104 133 0.6471502289294341
104 229 0.6405126152203486
104 126 0.628970902033151
105 108 0.6324555320336759
105 22 0.5855400437691198
105 129 0.5855400437691198
105 290 0.5855400437691198
105 120 0.5773502691896257
106 8 0.9999999999999998
106 9 0.9999999999999998
106 26 0.9999999999999998
106 39 0.9999999999999998
106 97 0.9999999999999998
107 202 0.7071067811865475
107 74 0.6123724356957945
107 299 0.5892556509887895
107 160 0.588348405414552
107 108 0.5773502691896258
108 22 0.7715167498104595
108 153 0.7302967433402214
108 74 0.7071067811865476
108 4 0.6666666666666667
108 95 0.6666666666666667
109 318 0.6363961030678926
109 199 0.6201736729460423
109 113 0.5976143046671968
109 133 0.5962847939999439
109 265 0.5855400437691199
110 1 0.9999999999999998
110 11 0.9999999999999998
110 30 0.9999999999999998
110 32 0.9999999999999998
110 53 0.9999999999999998
111 12 0.8164965809277261
111 116 0.6804138174397718
111 140 0.6666666666666667
111 209 0.6172133998483676
111 162 0.6123724356957946
112 8 0.9999999999999998
112 9 0.9999999999999998
112 26 0.9999999999999998
112 39 0.9999999999999998
112 97 0.9999999999999998
113 3 0.7778444682625973
113 123 0.7715167498104596
113 176 0.7349684152591671
113 314 0.7349684152591671
113 288 0.7126966450997984
114 133 0.7035264706814485
114 318 0.6674238124719146
114 301 0.6154574548966638
114 338 0.6154574548966638
114 229 0.6092717958449424
115 93 0.7559289460184544
115 209 0.7559289460184544
115 44 0.7071067811865475
115 167 0.6735753140545634
115 42 0.629940788348712
116 279 0.7453559924999299
116 111 0.6804138174397718
116 12 0.6666666666666666
116 209 0.629940788348712
116 44 0.5892556509887895
117 253 0.8660254037844387
117 60 0.8164965809277261
117 122 0.8164965809277261
117 301 0.8164965809277261
117 302 0.8164965809277261
118 314 0.75
118 3 0.7276068751089989
118 123 0.7216878364870323
118 113 0.6681531047810609
118 133 0.6666666666666666
119 47 0.5520524474738834
119 58 0.5520524474738834
119 183 0.545544725589981
119 221 0.5400617248673216
119 346 0.5367450401216932
120 3 0.5965587590013045
120 105 0.5773502691896257
120 221 0.5533985905294664
120 55 0.5393598899705937
120 113 0.5378528742004771
121 153 0.7453559924999299
121 221 0.7071067811865475
121 4 0.6804138174397718
121 268 0.6666666666666666
121 318 0.6324555320336759
122 60 0.8333333333333335
122 117 0.8164965809277261
122 253 0.7071067811865476
122 16 0.6804138174397718
122 133 0.6804138174397718
123 221 0.8164965809277259
123 13 0.8006407690254358
123 314 0.7938566201357354
123 113 0.7715167498104596
123 3 0.7701540462154054
124 153 0.6324555320336759
124 74 0.6123724356957945
124 34 0.5892556509887895
124 288 0.5892556509887895
124 4 0.5773502691896258
125 75 0.5345224838248487
125 8 0.4999999999999999
125 9 0.4999999999999999
125 26 0.4999999999999999
125 39 0.4999999999999999
126 45 0.857142857142857
126 155 0.857142857142857
126 207 0.8366600265340756
126 250 0.8366600265340756
126 84 0.7977240352174656
127 42 0.6837634587578276
127 145 0.674199862463242
127 160 0.6689936080056726
127 179 0.6154574548966638
127 255 0.6154574548966638
128 133 0.8432740427115678
128 229 0.7302967433402214
128 65 0.6761234037828132
128 301 0.6454972243679029
128 338 0.6454972243679029
129 47 0.8366600265340756
129 301 0.7715167498104595
129 338 0.7715167498104595
129 117 0.7559289460184544
129 45 0.7142857142857142
130 8 0.8164965809277259
130 9 0.8164965809277259
130 26 0.8164965809277259
130 39 0.8164965809277259
130 97 0.8164965809277259
131 1 0.8164965809277259
131 11 0.8164965809277259
131 30 0.8164965809277259
131 32 0.8164965809277259
131 53 0.8164965809277259
132 285 0.6130060338328882
132 153 0.5976143046671968
132 13 0.592999453328881
132 3 0.583383351196948
132 4 0.545544725589981
133 128 0.8432740427115678
133 341 0.7777777777777778
133 123 0.769800358919501
133 229 0.769800358919501
133 210 0.7559289460184544
134 75 0.8819171036881969
134 85 0.7035264706814485
134 268 0.6666666666666666
134 250 0.6324555320336759
134 57 0.629940788348712
135 273 0.7999999999999998
135 66 0.6324555320336759
135 336 0.6324555320336759
135 155 0.5976143046671968
135 330 0.5803810000880093
136 8 0.9999999999999998
136 9 0.9999999999999998
136 26 0.9999999999999998
136 39 0.9999999999999998
136 97 0.9999999999999998
137 209 0.7142857142857142
137 153 0.6761234037828131
137 279 0.6761234037828131
137 44 0.6681531047810609
137 74 0.6546536707079772
138 187 0.6708203932499369
138 8 0.6324555320336759
138 9 0.6324555320336759
138 26 0.6324555320336759
138 39 0.6324555320336759
139 93 0.6060915267313265
139 6 0.5345224838248488
139 20 0.5345224838248488
139 176 0.5345224838248488
139 161 0.5185629788417315
140 111 0.6666666666666667
140 12 0.6123724356957946
140 162 0.6123724356957946
140 333 0.6123724356957946
140 1 0.5773502691896258
141 169 0.6784005252999682
141 113 0.6681531047810609
141 188 0.6681531047810609
141 288 0.6666666666666666
141 123 0.649519052838329
142 117 0.7071067811865475
142 341 0.7071067811865475
142 126 0.6681531047810609
142 253 0.6123724356957945
142 133 0.5892556509887895
143 102 0.7216878364870323
143 153 0.6324555320336759
143 74 0.6123724356957945
143 263 0.588348405414552
143 4 0.5773502691896258
144 12 0.5669467095138409
144 162 0.5669467095138409
144 333 0.5669467095138409
144 1 0.5345224838248487
144 11 0.5345224838248487
145 42 0.8451542547285165
145 6 0.7453559924999299
145 93 0.6761234037828131
145 127 0.674199862463242
145 169 0.674199862463242
146 187 0.6666666666666666
146 347 0.6666666666666666
146 250 0.6324555320336759
146 57 0.629940788348712
146 75 0.629940788348712
147 179 0.6793662204867575
147 338 0.5661385170722979
147 300 0.5604485383178051
147 43 0.5547001962252291
147 42 0.5241424183609592
148 83 0.5163977794943223
148 29 0.4225771273642583
148 64 0.3999999999999999
148 293 0.3872983346207417
148 69 0.3834824944236852
149 279 0.7302967433402214
149 253 0.7071067811865476
149 179 0.6666666666666667
149 301 0.6666666666666667
149 338 0.6666666666666667
150 213 0.5294117647058824
150 256 0.5118906968889915
150 301 0.4950737714883372
150 94 0.49009802940980346
150 208 0.4880935300919764
151 8 0.8164965809277259
151 9 0.8164965809277259
151 26 0.8164965809277259
151 39 0.8164965809277259
151 97 0.8164965809277259
152 237 0.600099198148979
152 31 0.5921565254637922
152 346 0.5855400437691199
152 281 0.5832118435198044
152 157 0.563436169819011
153 4 0.9128709291752769
153 268 0.8944271909999159
153 22 0.8451542547285165
153 209 0.8451542547285165
153 290 0.8451542547285165
154 1 0.9999999999999998
154 11 0.9999999999999998
154 30 0.9999999999999998
154 32 0.9999999999999998
154 53 0.9999999999999998
155 234 0.8819171036881969
155 126 0.857142857142857
155 207 0.8366600265340756
155 301 0.7715167498104595
155 338 0.7715167498104595
156 344 0.5962847939999439
156 212 0.512989176042577
156 155 0.5070925528371099
156 290 0.5070925528371099
156 153 0.4999999999999999
157 47 0.6531972647421808
157 299 0.6024640760767093
157 194 0.5962847939999439
157 45 0.5855400437691198
157 50 0.5855400437691198
158 290 0.5669467095138409
158 213 0.5457051563317492
158 194 0.5051814855409226
158 63 0.5
158 268 0.5
159 290 0.6837634587578276
159 153 0.674199862463242
159 24 0.6446583712203042
159 221 0.6396021490668313
159 55 0.6363636363636364
160 127 0.6689936080056726
160 169 0.6689936080056726
160 6 0.6471502289294341
160 20 0.6471502289294341
160 272 0.6471502289294341
161 274 0.5564148840746571
161 153 0.5423261445466404
161 65 0.5185629788417315
161 139 0.5185629788417315
161 4 0.4950737714883372
162 12 0.75
162 1 0.7071067811865475
162 11 0.7071067811865475
162 30 0.7071067811865475
162 32 0.7071067811865475
163 145 0.5962847939999439
163 272 0.5555555555555556
163 215 0.5443310539518174
163 42 0.5039526306789696
163 127 0.502518907629606
164 241 1.0000000000000002
164 8 0.8164965809277259
164 9 0.8164965809277259
164 26 0.8164965809277259
164 39 0.8164965809277259
165 268 0.6324555320336759
165 50 0.5976143046671968
165 153 0.5656854249492379
165 141 0.5533985905294664
165 74 0.5477225575051661
166 8 0.9999999999999998
166 9 0.9999999999999998
166 26 0.9999999999999998
166 39 0.9999999999999998
166 97 0.9999999999999998
167 179 0.7071067811865476
167 115 0.6735753140545634
167 309 0.6546536707079772
167 279 0.6454972243679028
167 178 0.6405126152203486
168 268 0.7071067811865475
168 57 0.6681531047810609
168 75 0.6681531047810609
168 290 0.6681531047810609
168 153 0.6324555320336759
169 221 0.7462025072446364
169 272 0.7035264706814485
169 288 0.7035264706814485
169 42 0.6837634587578276
169 290 0.6837634587578276
170 69 0.6534640392130713
170 258 0.5744269579035527
170 206 0.5459486832355505
170 221 0.5443310539518172
170 103 0.5298129428260174
171 221 0.6396021490668313
171 255 0.6154574548966638
171 249 0.6030226891555273
171 272 0.6030226891555273
171 288 0.6030226891555273
172 200 0.4743416490252569
172 55 0.47193990372426947
172 176 0.4472135954999579
172 295 0.4472135954999579
172 104 0.43412157106222965
173 108 0.4364357804719848
173 19 0.4225771273642583
173 58 0.4225771273642583
173 64 0.4225771273642583
173 105 0.41403933560541256
174 8 0.8164965809277259
174 9 0.8164965809277259
174 26 0.8164965809277259
174 39 0.8164965809277259
174 97 0.8164965809277259
175 35 0.8660254037844387
175 267 0.5303300858899106
175 8 0.4999999999999999
175 9 0.4999999999999999
175 26 0.4999999999999999
176 113 0.7349684152591671
176 3 0.7276068751089989
176 314 0.6875
176 69 0.6669729688499156
176 123 0.649519052838329
177 179 0.7216878364870323
177 296 0.6708203932499369
177 279 0.6324555320336759
177 253 0.6123724356957945
177 102 0.5773502691896258
178 179 0.6793662204867575
178 338 0.6793662204867575
178 167 0.6405126152203486
178 84 0.5853694070049636
178 233 0.5853694070049636
179 338 0.8333333333333335
179 42 0.7715167498104595
179 84 0.7385489458759965
179 279 0.7302967433402214
179 177 0.7216878364870323
180 57 0.7171371656006361
180 290 0.7171371656006361
180 153 0.7071067811865475
180 4 0.6454972243679029
180 255 0.6454972243679029
181 8 0.9999999999999998
181 9 0.9999999999999998
181 26 0.9999999999999998
181 39 0.9999999999999998
181 97 0.9999999999999998
182 36 0.50709255283711
182 80 0.5015503913178176
182 52 0.48349377841522817
182 334 0.48349377841522817
182 198 0.4537426064865151
183 198 0.5457051563317492
183 119 0.545544725589981
183 269 0.5303300858899107
183 334 0.5276448530110863
183 229 0.5051814855409226
184 259 0.9999999999999998
184 262 0.9999999999999998
184 282 0.8164965809277259
184 8 0.4999999999999999
184 9 0.4999999999999999
185 8 0.9999999999999998
185 39 0.9999999999999998
185 97 0.9999999999999998
185 98 0.9999999999999998
185 106 0.9999999999999998
186 1 0.8164965809277259
186 11 0.8164965809277259
186 30 0.8164965809277259
186 32 0.8164965809277259
186 53 0.8164965809277259
187 57 0.7559289460184544
187 268 0.75
187 8 0.7071067811865475
187 9 0.7071067811865475
187 26 0.7071067811865475
188 34 0.7126966450997984
188 288 0.7126966450997984
188 123 0.6943650748294137
188 141 0.6681531047810609
188 221 0.6614378277661476
189 8 0.9999999999999998
189 9 0.9999999999999998
189 26 0.9999999999999998
189 39 0.9999999999999998
189 97 0.9999999999999998
190 1 0.9999999999999998
190 11 0.9999999999999998
190 30 0.9999999999999998
190 32 0.9999999999999998
190 53 0.9999999999999998
191 8 0.9999999999999998
191 9 0.9999999999999998
191 26 0.9999999999999998
191 39 0.9999999999999998
191 97 0.9999999999999998
192 255 0.6454972243679029
192 153 0.5656854249492379
192 74 0.5477225575051661
192 6 0.5270462766947299
192 20 0.5270462766947299
193 41 0.5477225575051661
193 93 0.47809144373375745
193 267 0.4743416490252569
193 9 0.4472135954999579
193 26 0.4472135954999579
194 338 0.7071067811865476
194 272 0.6735753140545634
194 330 0.6622661785325219
194 45 0.6546536707079772
194 126 0.6546536707079772
195 1 0.7071067811865475
195 8 0.7071067811865475
195 9 0.7071067811865475
195 11 0.7071067811865475
195 26 0.7071067811865475
196 299 0.5659164584181103
196 347 0.5659164584181103
196 57 0.5500190982169267
196 290 0.5500190982169267
196 113 0.5185629788417315
197 255 0.6154574548966638
197 335 0.5720775535473553
197 22 0.5698028822981898
197 31 0.5454545454545454
197 171 0.5454545454545454
198 179 0.5940885257860046
198 272 0.5659164584181103
198 183 0.5457051563317492
198 48 0.5368754921931592
198 81 0.5185629788417315
199 133 0.7396002616336389
199 123 0.7205766921228922
199 318 0.7016464154456235
199 221 0.686406472983644
199 31 0.6689936080056726
200 176 0.5303300858899107
200 172 0.4743416490252569
200 34 0.4714045207910317
200 265 0.4629100498862758
200 13 0.4576043153224295
201 47 0.5976143046671968
201 126 0.5714285714285714
201 137 0.5714285714285714
201 155 0.5714285714285714
201 210 0.5714285714285714
202 107 0.7071067811865475
202 58 0.6324555320336759
202 299 0.5555555555555556
202 160 0.5547001962252291
202 108 0.5443310539518174
203 250 0.6067798762169178
203 314 0.5330017908890261
203 13 0.5321811563901744
203 221 0.5276448530110863
203 3 0.5170876899950192
204 146 0.5353033790313106
204 75 0.5202659817144719
204 290 0.5202659817144719
204 47 0.5078333750770081
204 113 0.4905114715879726
205 52 0.6674238124719146
205 296 0.5999999999999999
205 155 0.5976143046671968
205 210 0.5976143046671968
205 233 0.5720775535473553
206 290 0.5773502691896257
206 170 0.5459486832355505
206 307 0.5447047794019222
206 221 0.5400617248673216
206 120 0.5367450401216932
207 126 0.8366600265340756
207 155 0.8366600265340756
207 250 0.7999999999999998
207 84 0.7627700713964739
207 234 0.7378647873726218
208 213 0.5423261445466404
208 283 0.5423261445466404
208 55 0.5393598899705937
208 249 0.5217491947499509
208 299 0.5217491947499509
209 153 0.8451542547285165
209 44 0.8017837257372731
209 4 0.7715167498104595
209 115 0.7559289460184544
209 268 0.7559289460184544
210 133 0.7559289460184544
210 341 0.7559289460184544
210 279 0.6761234037828131
210 229 0.6546536707079772
210 253 0.6546536707079772
211 31 0.5850179393017045
211 153 0.5423261445466404
211 27 0.5368754921931592
211 69 0.5294117647058824
211 113 0.5185629788417315
212 113 0.5518254055364691
212 258 0.5380275868489702
212 285 0.5262013605584338
212 63 0.5161854012087639
212 176 0.5161854012087639
213 194 0.6301260378126045
213 301 0.5940885257860046
213 55 0.5850179393017045
213 45 0.5500190982169267
213 126 0.5500190982169267
214 209 0.629940788348712
214 44 0.5892556509887895
214 95 0.5443310539518174
214 102 0.5443310539518174
214 93 0.5039526306789696
215 187 0.6123724356957946
215 8 0.5773502691896258
215 9 0.5773502691896258
215 26 0.5773502691896258
215 39 0.5773502691896258
216 8 0.8164965809277259
216 9 0.8164965809277259
216 26 0.8164965809277259
216 39 0.8164965809277259
216 97 0.8164965809277259
217 1 0.4999999999999999
217 11 0.4999999999999999
217 30 0.4999999999999999
217 32 0.4999999999999999
217 51 0.4999999999999999
218 268 0.8164965809277261
218 153 0.7302967433402214
218 74 0.7071067811865476
218 5 0.6172133998483676
218 22 0.6172133998483676
219 108 0.6154574548966638
219 255 0.6154574548966638
219 43 0.6030226891555273
219 22 0.5698028822981898
219 159 0.5454545454545454
220 293 0.6454972243679029
220 288 0.6324555320336759
220 290 0.5976143046671968
220 159 0.5720775535473553
220 320 0.5715476066494082
221 288 0.8249579113843053
221 123 0.8164965809277259
221 290 0.8017837257372731
221 153 0.7905694150420948
221 318 0.7826237921249264
222 133 0.7126966450997984
222 13 0.6671243849949912
222 123 0.6172133998483678
222 229 0.6172133998483678
222 128 0.5916079783099616
223 253 0.7071067811865476
223 207 0.6454972243679029
223 250 0.6454972243679029
223 45 0.6172133998483676
223 126 0.6172133998483676
224 113 0.6131393394849657
224 248 0.6131393394849657
224 176 0.5735393346764044
224 3 0.5564148840746571
224 77 0.5533715710928597
225 102 0.8333333333333335
225 46 0.7302967433402214
225 153 0.7302967433402214
225 74 0.7071067811865476
225 4 0.6666666666666667
226 44 0.6187184335382291
226 209 0.5669467095138409
226 19 0.5533985905294664
226 143 0.5303300858899106
226 108 0.5103103630798288
227 35 0.545544725589981
227 133 0.5345224838248488
227 210 0.5050762722761054
227 46 0.47809144373375745
227 279 0.47809144373375745
228 1 0.9999999999999998
228 11 0.9999999999999998
228 30 0.9999999999999998
228 32 0.9999999999999998
228 53 0.9999999999999998
229 133 0.769800358919501
229 128 0.7302967433402214
229 314 0.7216878364870323
229 341 0.6735753140545634
229 123 0.6666666666666667
230 8 0.9999999999999998
230 9 0.9999999999999998
230 26 0.9999999999999998
230 39 0.9999999999999998
230 98 0.9999999999999998
231 1 0.9999999999999998
231 11 0.9999999999999998
231 30 0.9999999999999998
231 32 0.9999999999999998
231 53 0.9999999999999998
232 113 0.629940788348712
232 55 0.5685352436149612
232 248 0.5669467095138409
232 290 0.5345224838248488
232 63 0.5303300858899107
233 309 0.6837634587578276
233 302 0.6154574548966638
233 167 0.6092717958449424
233 43 0.6030226891555273
233 61 0.6030226891555273
234 155 0.8819171036881969
234 126 0.7559289460184544
234 207 0.7378647873726218
234 301 0.6804138174397718
234 338 0.6804138174397718
235 1 0.9999999999999998
235 11 0.9999999999999998
235 30 0.9999999999999998
235 32 0.9999999999999998
235 53 0.9999999999999998
236 56 0.543557306504609
236 176 0.5330017908890261
236 3 0.5170876899950192
236 113 0.5128225940683707
236 63 0.47970161180012344
237 114 0.6030226891555273
237 152 0.600099198148979
237 75 0.5669467095138409
237 126 0.5669467095138409
237 250 0.5533985905294664
238 277 0.8660254037844387
238 8 0.7071067811865475
238 9 0.7071067811865475
238 26 0.7071067811865475
238 39 0.7071067811865475
239 45 0.7559289460184544
239 126 0.7559289460184544
239 301 0.6804138174397718
239 16 0.6666666666666666
239 117 0.6666666666666666
240 60 0.7715167498104595
240 302 0.7715167498104595
240 61 0.7559289460184544
240 117 0.7559289460184544
240 253 0.6546536707079772
241 164 1.0000000000000002
241 8 0.8164965809277259
241 9 0.8164965809277259
241 26 0.8164965809277259
241 39 0.8164965809277259
242 8 0.9999999999999998
242 9 0.9999999999999998
242 26 0.9999999999999998
242 39 0.9999999999999998
242 97 0.9999999999999998
243 1 0.8164965809277259
243 11 0.8164965809277259
243 30 0.8164965809277259
243 32 0.8164965809277259
243 53 0.8164965809277259
244 8 0.9999999999999998
244 9 0.9999999999999998
244 26 0.9999999999999998
244 39 0.9999999999999998
244 97 0.9999999999999998
245 1 0.5773502691896258
245 11 0.5773502691896258
245 30 0.5773502691896258
245 32 0.5773502691896258
245 53 0.5773502691896258
246 1 0.8164965809277259
246 11 0.8164965809277259
246 30 0.8164965809277259
246 32 0.8164965809277259
246 53 0.8164965809277259
247 261 0.5720775535473553
247 314 0.5330017908890261
247 139 0.5128225940683707
247 119 0.511766315719159
247 229 0.4923659639173309
248 224 0.6131393394849657
248 290 0.6060915267313265
248 153 0.5976143046671968
248 221 0.5669467095138409
248 232 0.5669467095138409
249 290 0.7559289460184544
249 153 0.7453559924999299
249 221 0.7071067811865475
249 4 0.6804138174397718
249 255 0.6804138174397718
250 126 0.8366600265340756
250 207 0.7999999999999998
250 45 0.7171371656006361
250 62 0.7171371656006361
250 75 0.7171371656006361
251 1 0.9999999999999998
251 11 0.9999999999999998
251 30 0.9999999999999998
251 32 0.9999999999999998
251 53 0.9999999999999998
252 237 0.4861359120657514
252 211 0.4716211091418993
252 341 0.4714045207910316
252 206 0.4629100498862757
252 94 0.45927932677184585
253 61 0.8660254037844387
253 117 0.8660254037844387
253 1 0.8164965809277259
253 11 0.8164965809277259
253 30 0.8164965809277259
254 80 0.5128776445321725
254 261 0.4999999999999999
254 113 0.47809144373375745
254 232 0.4743416490252569
254 40 0.4662524041201569
255 153 0.7302967433402214
255 74 0.7071067811865476
255 249 0.6804138174397718
255 4 0.6666666666666667
255 95 0.6666666666666667
256 255 0.6154574548966638
256 301 0.6154574548966638
256 43 0.6030226891555273
256 61 0.6030226891555273
256 319 0.6030226891555273
257 155 0.7337993857053429
257 207 0.7016464154456235
257 250 0.7016464154456235
257 85 0.6689936080056726
257 133 0.6471502289294341
258 170 0.5744269579035527
258 212 0.5380275868489702
258 113 0.5128225940683707
258 132 0.5128225940683707
258 206 0.511766315719159
259 184 0.9999999999999998
259 262 0.9999999999999998
259 282 0.8164965809277259
259 9 0.4999999999999999
259 26 0.4999999999999999
260 8 0.9999999999999998
260 9 0.9999999999999998
260 26 0.9999999999999998
260 39 0.9999999999999998
260 97 0.9999999999999998
261 274 0.6668859288553501
261 176 0.6149186938124421
261 34 0.5962847939999439
261 247 0.5720775535473553
261 180 0.5656854249492379
262 184 0.9999999999999998
262 259 0.9999999999999998
262 282 0.8164965809277259
262 8 0.4999999999999999
262 9 0.4999999999999999
263 273 0.6139406135149205
263 143 0.588348405414552
263 127 0.5853694070049636
263 35 0.5661385170722979
263 225 0.5661385170722979
264 1 0.9999999999999998
264 11 0.9999999999999998
264 30 0.9999999999999998
264 32 0.9999999999999998
264 53 0.9999999999999998
265 123 0.629940788348712
265 318 0.6210590034081188
265 314 0.600099198148979
265 31 0.5921565254637922
265 109 0.5855400437691199
266 299 0.5163977794943222
266 55 0.46709936649691375
266 77 0.46709936649691375
266 320 0.4666666666666666
266 73 0.46188021535170054
267 8 0.7071067811865475
267 9 0.7071067811865475
267 26 0.7071067811865475
267 39 0.7071067811865475
267 97 0.7071067811865475
268 153 0.8944271909999159
268 74 0.8660254037844387
268 4 0.8164965809277261
268 218 0.8164965809277261
268 5 0.7559289460184544
269 94 0.5443310539518174
269 183 0.5303300858899107
269 47 0.521749194749951
269 198 0.5144957554275266
269 301 0.4811252243246882
270 1 0.8164965809277259
270 11 0.8164965809277259
270 30 0.8164965809277259
270 32 0.8164965809277259
270 53 0.8164965809277259
271 3 0.6435959029348384
271 274 0.5619514869490164
271 31 0.5539117094069974
271 248 0.545544725589981
271 69 0.5445811486371709
272 169 0.7035264706814485
272 179 0.6804138174397718
272 338 0.6804138174397718
272 194 0.6735753140545634
272 249 0.6666666666666666
273 135 0.7999999999999998
273 36 0.6999999999999998
273 66 0.6324555320336759
273 336 0.6324555320336759
273 263 0.6139406135149205
274 123 0.7284927963857741
274 314 0.6882472016116852
274 65 0.6744532734334623
274 113 0.6744532734334623
274 261 0.6668859288553501
275 8 0.9999999999999998
275 9 0.9999999999999998
275 26 0.9999999999999998
275 39 0.9999999999999998
275 97 0.9999999999999998
276 169 0.6396021490668314
276 113 0.629940788348712
276 288 0.6285393610547089
276 67 0.6030226891555273
276 176 0.5892556509887896
277 238 0.8660254037844387
277 8 0.8164965809277259
277 97 0.8164965809277259
277 106 0.8164965809277259
277 112 0.8164965809277259
278 179 0.6454972243679029
278 68 0.5976143046671968
278 145 0.5656854249492379
278 35 0.5163977794943223
278 338 0.5163977794943223
279 253 0.7745966692414834
279 116 0.7453559924999299
279 149 0.7302967433402214
279 179 0.7302967433402214
279 301 0.7302967433402214
280 8 0.9999999999999998
280 97 0.9999999999999998
280 106 0.9999999999999998
280 112 0.9999999999999998
280 136 0.9999999999999998
281 42 0.6060915267313265
281 93 0.6060915267313265
281 145 0.5976143046671968
281 152 0.5832118435198044
281 31 0.5640760748177662
282 184 0.8164965809277259
282 259 0.8164965809277259
282 262 0.8164965809277259
282 74 0.6666666666666667
282 268 0.5773502691896258
283 55 0.5850179393017045
283 208 0.5423261445466404
283 197 0.5118906968889915
283 108 0.4950737714883372
283 255 0.4950737714883372
284 8 0.9999999999999998
284 9 0.9999999999999998
284 26 0.9999999999999998
284 39 0.9999999999999998
284 97 0.9999999999999998
285 3 0.6574382586514258
285 132 0.6130060338328882
285 123 0.6019292654288462
285 176 0.5734146386569556
285 314 0.5734146386569556
286 8 0.9999999999999998
286 9 0.9999999999999998
286 26 0.9999999999999998
286 39 0.9999999999999998
286 97 0.9999999999999998
287 1 0.9999999999999998
287 11 0.9999999999999998
287 30 0.9999999999999998
287 32 0.9999999999999998
287 53 0.9999999999999998
288 221 0.8249579113843053
288 123 0.769800358919501
288 290 0.7559289460184544
288 153 0.7453559924999299
288 113 0.7126966450997984
289 14 0.6708203932499369
289 108 0.6454972243679029
289 255 0.6454972243679029
289 17 0.6324555320336759
289 42 0.5976143046671968
290 153 0.8451542547285165
290 221 0.8017837257372731
290 55 0.7977240352174656
290 4 0.7715167498104595
290 308 0.7637626158259734
291 194 0.5809475019311126
291 55 0.5393598899705937
291 77 0.5393598899705937
291 171 0.5393598899705937
291 249 0.5217491947499509
292 1 0.9999999999999998
292 11 0.9999999999999998
292 30 0.9999999999999998
292 32 0.9999999999999998
292 53 0.9999999999999998
293 153 0.7302967433402214
293 74 0.7071067811865476
293 4 0.6666666666666667
293 95 0.6666666666666667
293 102 0.6666666666666667
294 8 0.9999999999999998
294 9 0.9999999999999998
294 26 0.9999999999999998
294 39 0.9999999999999998
294 97 0.9999999999999998
295 85 0.6784005252999682
295 344 0.6666666666666666
295 75 0.6614378277661476
295 290 0.6614378277661476
295 207 0.6324555320336759
296 177 0.6708203932499369
296 179 0.6454972243679029
296 205 0.5999999999999999
296 207 0.5999999999999999
296 155 0.5976143046671968
297 31 0.6030226891555273
297 288 0.5833333333333334
297 153 0.5590169943749475
297 265 0.545544725589981
297 221 0.5303300858899106
298 253 0.5222329678670935
298 60 0.492365963917331
298 45 0.4558423058385518
298 240 0.4558423058385518
298 61 0.45226701686664544
299 57 0.7559289460184544
299 55 0.7035264706814485
299 317 0.7035264706814485
299 268 0.6666666666666666
299 5 0.629940788348712
300 179 0.7071067811865476
300 338 0.5892556509887896
300 167 0.5833333333333334
300 133 0.5773502691896257
300 147 0.5604485383178051
301 338 0.8333333333333335
301 16 0.8164965809277261
301 117 0.8164965809277261
301 45 0.7715167498104595
301 126 0.7715167498104595
302 117 0.8164965809277261
302 336 0.8164965809277261
302 240 0.7715167498104595
302 309 0.7715167498104595
302 253 0.7071067811865476
303 1 0.9999999999999998
303 11 0.9999999999999998
303 32 0.9999999999999998
303 53 0.9999999999999998
303 78 0.9999999999999998
304 1 0.8164965809277259
304 11 0.8164965809277259
304 32 0.8164965809277259
304 53 0.8164965809277259
304 78 0.8164965809277259
305 8 0.9999999999999998
305 9 0.9999999999999998
305 26 0.9999999999999998
305 39 0.9999999999999998
305 97 0.9999999999999998
306 8 0.9999999999999998
306 9 0.9999999999999998
306 26 0.9999999999999998
306 39 0.9999999999999998
306 97 0.9999999999999998
307 206 0.5447047794019222
307 92 0.5384615384615385
307 55 0.5017452060042545
307 159 0.5017452060042545
307 101 0.49029033784546
308 290 0.7637626158259734
308 55 0.6963106238227914
308 288 0.6735753140545634
308 347 0.6735753140545634
308 153 0.6454972243679028
309 302 0.7715167498104595
309 233 0.6837634587578276
